3.1800 4.1800 1.0000
2.4000 3.7400 1.0000
3.9500 2.6500 1.0000
1.1000 2.8400 1.0000
1.3200 3.2400 1.0000
4.0200 3.7500 1.0000
2.4500 2.3500 1.0000
1.9600 3.8200 1.0000
2.4600 4.6200 1.0000
1.7400 3.6200 1.0000
1.7100 3.3000 1.0000
1.6100 4.3000 1.0000
1.4500 5.1000 1.0000
1.0600 3.5500 1.0000
1.9400 3.5300 1.0000
1.4300 2.5600 1.0000
3.4400 3.0200 1.0000
2.2400 4.6100 1.0000
3.0200 3.8900 1.0000
1.8600 4.7600 1.0000
1.9200 4.6700 1.0000
3.2600 4.3800 1.0000
3.4700 4.7700 1.0000
2.0300 5.5200 1.0000
3.6900 4.5800 1.0000
2.4800 4.4300 1.0000
2.3700 3.9600 1.0000
4.1900 2.7600 1.0000
3.5400 3.5000 1.0000
2.9100 4.3300 1.0000
2.4000 2.8900 1.0000
1.4600 4.4700 1.0000
1.8800 4.3200 1.0000
3.8200 4.1000 1.0000
-0.0215 4.3000 1.0000
1.3600 4.0200 1.0000
1.8100 3.9800 1.0000
2.1500 3.9900 1.0000
0.2160 4.9300 1.0000
2.5300 3.9100 1.0000
2.7300 1.3600 1.0000
1.0600 3.5100 1.0000
1.7400 4.2000 1.0000
0.7860 4.9600 1.0000
3.6200 5.3800 1.0000
2.3700 3.0600 1.0000
1.7500 4.7600 1.0000
1.0700 4.2400 1.0000
2.1000 3.7900 1.0000
3.6800 4.0200 1.0000
2.2800 3.9700 1.0000
2.3500 4.1400 1.0000
0.8000 4.2400 1.0000
2.1700 3.3300 1.0000
2.7800 2.9500 1.0000
0.6190 4.9700 1.0000
3.1300 3.7800 1.0000
4.4700 5.4100 1.0000
0.4420 3.0800 1.0000
-0.0666 3.4100 1.0000
1.9300 5.4200 1.0000
2.7600 5.4100 1.0000
1.9200 2.9700 1.0000
1.8400 4.2100 1.0000
2.0100 5.3400 1.0000
0.9350 5.3300 1.0000
0.3560 2.7200 1.0000
3.5800 5.6200 1.0000
2.2900 4.6600 1.0000
0.8120 4.2300 1.0000
3.0800 3.7700 1.0000
0.7030 3.0300 1.0000
1.8800 4.1000 1.0000
2.7400 3.7400 1.0000
1.1600 6.3100 1.0000
1.6500 4.1900 1.0000
2.0300 3.8300 1.0000
3.9500 3.9900 1.0000
2.4600 3.3900 1.0000
1.6000 6.0700 1.0000
1.7700 4.6400 1.0000
1.7200 4.0700 1.0000
3.3100 5.1200 1.0000
1.7200 3.9700 1.0000
1.2100 3.9000 1.0000
2.2400 3.4400 1.0000
1.9100 3.3800 1.0000
2.7900 5.6000 1.0000
2.9600 4.7700 1.0000
3.0900 4.0900 1.0000
2.6500 5.7000 1.0000
2.6300 4.0200 1.0000
3.9000 4.2900 1.0000
0.8400 2.5800 1.0000
1.6500 4.4800 1.0000
0.3050 2.5500 1.0000
2.9200 3.0100 1.0000
2.0200 4.9500 1.0000
1.7000 4.3500 1.0000
0.2790 3.1300 1.0000
3.6000 1.1800 2.0000
4.2600 2.9700 2.0000
4.2200 2.0300 2.0000
2.2900 3.3500 2.0000
2.7900 0.9140 2.0000
2.2300 2.2400 2.0000
3.9300 0.9540 2.0000
2.2800 2.6200 2.0000
4.7000 3.3100 2.0000
2.9900 3.0200 2.0000
2.8900 -0.1150 2.0000
5.7900 2.6800 2.0000
6.1600 2.0100 2.0000
3.1800 2.3300 2.0000
3.9600 1.4500 2.0000
5.9600 0.3490 2.0000
3.4600 2.8900 2.0000
5.7200 1.4900 2.0000
4.8200 1.6700 2.0000
4.0600 2.1700 2.0000
3.6500 4.5400 2.0000
5.6900 4.2900 2.0000
4.7100 0.6810 2.0000
3.3700 1.5300 2.0000
4.3900 2.9900 2.0000
3.1200 -0.0730 2.0000
4.1500 3.2400 2.0000
5.5300 1.6800 2.0000
4.5300 3.4000 2.0000
3.2400 1.1200 2.0000
4.3500 1.0800 2.0000
3.3000 4.3100 2.0000
6.0200 2.5900 2.0000
2.2100 1.6900 2.0000
3.3400 0.9670 2.0000
4.7700 3.1000 2.0000
3.1800 2.3400 2.0000
4.0200 -0.2640 2.0000
4.6500 1.1000 2.0000
5.2600 4.9700 2.0000
3.0700 1.9900 2.0000
3.8300 0.0005 2.0000
3.5300 1.1100 2.0000
3.8900 1.5800 2.0000
4.3700 2.6900 2.0000
3.3800 1.8400 2.0000
4.8000 2.1000 2.0000
4.4300 1.9800 2.0000
3.5300 1.0400 2.0000
4.2800 3.1700 2.0000
4.9800 1.6300 2.0000
4.9900 1.5400 2.0000
4.6700 2.1900 2.0000
3.9400 1.9300 2.0000
3.3800 1.4800 2.0000
4.2200 2.1300 2.0000
3.5300 4.1100 2.0000
3.6700 2.5400 2.0000
4.9200 1.3400 2.0000
5.4500 1.1300 2.0000
4.6000 1.7600 2.0000
6.0500 0.4240 2.0000
2.4700 3.8300 2.0000
4.0200 2.2000 2.0000
4.1000 0.8370 2.0000
5.6100 2.1200 2.0000
4.5000 0.5560 2.0000
3.6800 2.5800 2.0000
4.5500 1.8200 2.0000
4.6400 2.0400 2.0000
4.1800 2.3600 2.0000
1.9700 2.8500 2.0000
5.0200 1.1900 2.0000
0.5080 0.5330 2.0000
4.1100 1.9000 2.0000
2.4500 1.1800 2.0000
3.6400 2.4200 2.0000
5.4000 0.1450 2.0000
3.4900 2.8600 2.0000
5.9200 2.3100 2.0000
4.7800 0.8880 2.0000
3.7500 1.6800 2.0000
3.1000 2.8400 2.0000
3.5000 4.4300 2.0000
4.3700 1.6500 2.0000
1.6300 3.3800 2.0000
4.6200 1.1400 2.0000
4.2800 2.2100 2.0000
4.8200 1.7900 2.0000
6.0500 2.3400 2.0000
3.6800 1.5000 2.0000
3.0200 0.5790 2.0000
5.1800 1.7300 2.0000
4.8900 2.4400 2.0000
3.8600 1.4900 2.0000
3.4100 1.8200 2.0000
4.2500 2.4000 2.0000
2.8700 2.5400 2.0000
4.0700 1.2700 2.0000
3.3600 1.7300 2.0000
