3.18 4.18 1
2.4 3.74 1
3.95 2.65 1
1.1 2.84 1
1.32 3.24 1
4.02 3.75 1
2.45 2.35 1
1.96 3.82 1
2.46 4.62 1
1.74 3.62 1
1.71 3.3 1
1.61 4.3 1
1.45 5.1 1
1.06 3.55 1
1.94 3.53 1
1.43 2.56 1
3.44 3.02 1
2.24 4.61 1
3.02 3.89 1
1.86 4.76 1
1.92 4.67 1
3.26 4.38 1
3.47 4.77 1
2.03 5.52 1
3.69 4.58 1
2.48 4.43 1
2.37 3.96 1
4.19 2.76 1
3.54 3.5 1
2.91 4.33 1
2.4 2.89 1
1.46 4.47 1
1.88 4.32 1
3.82 4.1 1
-0.0215 4.3 1
1.36 4.02 1
1.81 3.98 1
2.15 3.99 1
0.216 4.93 1
2.53 3.91 1
2.73 1.36 1
1.06 3.51 1
1.74 4.2 1
0.786 4.96 1
3.62 5.38 1
2.37 3.06 1
1.75 4.76 1
1.07 4.24 1
2.1 3.79 1
3.68 4.02 1
2.28 3.97 1
2.35 4.14 1
0.8 4.24 1
2.17 3.33 1
2.78 2.95 1
0.619 4.97 1
3.13 3.78 1
4.47 5.41 1
0.442 3.08 1
-0.0666 3.41 1
1.93 5.42 1
2.76 5.41 1
1.92 2.97 1
1.84 4.21 1
2.01 5.34 1
0.935 5.33 1
0.356 2.72 1
3.58 5.62 1
2.29 4.66 1
0.812 4.23 1
3.08 3.77 1
0.703 3.03 1
1.88 4.1 1
2.74 3.74 1
1.16 6.31 1
1.65 4.19 1
2.03 3.83 1
3.95 3.99 1
2.46 3.39 1
1.6 6.07 1
1.77 4.64 1
1.72 4.07 1
3.31 5.12 1
1.72 3.97 1
1.21 3.9 1
2.24 3.44 1
1.91 3.38 1
2.79 5.6 1
2.96 4.77 1
3.09 4.09 1
2.65 5.7 1
2.63 4.02 1
3.9 4.29 1
0.84 2.58 1
1.65 4.48 1
0.305 2.55 1
2.92 3.01 1
2.02 4.95 1
1.7 4.35 1
0.279 3.13 1
3.6 1.18 2
4.26 2.97 2
4.22 2.03 2
2.29 3.35 2
2.79 0.914 2
2.23 2.24 2
3.93 0.954 2
2.28 2.62 2
4.7 3.31 2
2.99 3.02 2
2.89 -0.115 2
5.79 2.68 2
6.16 2.01 2
3.18 2.33 2
3.96 1.45 2
5.96 0.349 2
3.46 2.89 2
5.72 1.49 2
4.82 1.67 2
4.06 2.17 2
3.65 4.54 2
5.69 4.29 2
4.71 0.681 2
3.37 1.53 2
4.39 2.99 2
3.12 -0.073 2
4.15 3.24 2
5.53 1.68 2
4.53 3.4 2
3.24 1.12 2
4.35 1.08 2
3.3 4.31 2
6.02 2.59 2
2.21 1.69 2
3.34 0.967 2
4.77 3.1 2
3.18 2.34 2
4.02 -0.264 2
4.65 1.1 2
5.26 4.97 2
3.07 1.99 2
3.83 0.000461 2
3.53 1.11 2
3.89 1.58 2
4.37 2.69 2
3.38 1.84 2
4.8 2.1 2
4.43 1.98 2
3.53 1.04 2
4.28 3.17 2
4.98 1.63 2
4.99 1.54 2
4.67 2.19 2
3.94 1.93 2
3.38 1.48 2
4.22 2.13 2
3.53 4.11 2
3.67 2.54 2
4.92 1.34 2
5.45 1.13 2
4.6 1.76 2
6.05 0.424 2
2.47 3.83 2
4.02 2.2 2
4.1 0.837 2
5.61 2.12 2
4.5 0.556 2
3.68 2.58 2
4.55 1.82 2
4.64 2.04 2
4.18 2.36 2
1.97 2.85 2
5.02 1.19 2
0.508 0.533 2
4.11 1.9 2
2.45 1.18 2
3.64 2.42 2
5.4 0.145 2
3.49 2.86 2
5.92 2.31 2
4.78 0.888 2
3.75 1.68 2
3.1 2.84 2
3.5 4.43 2
4.37 1.65 2
1.63 3.38 2
4.62 1.14 2
4.28 2.21 2
4.82 1.79 2
6.05 2.34 2
3.68 1.5 2
3.02 0.579 2
5.18 1.73 2
4.89 2.44 2
3.86 1.49 2
3.41 1.82 2
4.25 2.4 2
2.87 2.54 2
4.07 1.27 2
3.36 1.73 2
